4716283664
2639130712
4132402850
195931692
1522172915
254607420
7285228673
5961895781
48757612
6177383616
2172564850
3987791675
5862929249
5431100446
3136043660
4783102579
5966721179
6730272424
3203085326
7410614940
7173756832
7343264252
1982617661
7041802588
442206279
7041802588
7195180347
1387958080
7331231681
178592553
7393890923
7010403125
4588287371
7393890923
2012142601
6977535715
12999469
6662209267
6816825569
3309128290
7173756832
7318280421
6887172807
2099350753
7100815848
3161344631
206384079
7306447207
3947253499
1713036328
1568521270
6813083409
7299221080
2962763697
2069286101
1550276849
7375077650
4748721879
4125964639
4877547675
404398780
7331231681
7056728780
4371503547
7173756832
7096130642
1438241976
208434064
7331231681
6525314767
6525314767
6525314767
3947253499
3947253499
1436405433
5339874458
5411612727
2208478056
1826445874
1365458038
3834328663
1014038266
7405298421
6132774410
4238231534
4213593687
3575970341
4238231534
6712528068
4471573324
5585827629
6663704164
7153758486
5577090023
5411612727
5411612727
3520192291
2364956451
4271546549
6959948876
7411267084
6663704164
4500160079
244256930
391336524
1646127354
283638677
5805772055
2199983079
578423854
6747026430
6319659230
6747026430
6747026430
4098913085
243411094
3018094271
7346986434
3780169985
1961472770
3124851978
1977404271
7137738726
4234297988
3190237694
3144252476
6603821868
521023616
7137738726
2166192288
4776598489
1010593147
4522311280
4079645265
7128490193
6077623983
5425554239
1837079520
5870948809
6663704164
6913060331
6931762988
6931762988
1475276229
1420551576
6239893917
81960
6964595320
6928267
4079645265
331371465
550831634
206691887
195572493
4243158111
2233558885
3002019948
1461925000
6708231670
3111926185
3120739959
4208367897
199631550
4058387351
2120422548
1695658832
2120422548
5488003741
3323972626
2120422548
241086305
1967600909
3579262159
3804768260
245321518
5950027421
3154459600
175670780
328498751
3521355039
2873049388
2108001294
1356995011
625806145
4172115573
2248354784
180461816
34587274
3407249669
302338
7410614940
34820708
54715900
2370810396
224063763
254149961
3123635345
2040425813
5917944
6001917720
4840729324
3067456459
7331051580
1939948372
191717825
6071662957
4255469648
5386672210
1939948372
231812232
7200968670
7288883569
5754341449
4367392243
213648413
330956535
6931762988
6931762988
6931762988
6931762988
6931762988
6931762988
6931762988
6931762988
2639130712
3187169112
4783102579
7171842565
490375304
3907689959
2678610390
4366782912
1550535265
3309128290
5768337135
6751166668
5672680265
642367285
7100815848
3229969541
3907689959
5768337135
5918691477
4125964639
4877547675
404398780
7083017761
1457659470
7056728780
3907689959
3907689959
3907689959
3187169112
4444329966
6421319084
3263339821
7164799911
7317952710
6105920283
5695876667
3472949718
6525314767
6525314767
6525314767
1455840848
3309128290
3309128290
6760143685
3187169112
213664580
7056728780
5800672014
6273937561
7420597472
404398780
4366782912
336115651
6230331804
7132627111
7164799911
187332730
3540735208
3187169112
7034064949
7317952710
1264093956
5668696065
7178642377
3680524576
6105920283
3309128290
3309128290
3245681499
5550548090
248993749
185499039
5768337135
3309128290
5711969012
6852891465
6351566833
47680162
5582332043
6208747505
389796327
1973781601
5363015012
3102916907
424224675
424224675
424224675
14669949
4187004645
6776395645
2329774767
2158722191
4187004645
4128586424
14669949
2093095085
5727209322
7324072583
4293846714
7324072583
5727209322
7103714099
5582332043
3170319919
5727209322
6213639716
6213639716
6213639716
6213639716
6213639716
6213639716
6213639716
6213639716
6213639716
6213639716
6213639716
6213639716
6975453143
1973781601
653465614
3121207715
782703436
6363396867
1973781601
4462547656
6447999251
6379313528
3121207715
6677309742
2329774767
1973781601
1950648494
5582332043
4164459531
282958794
4128586424
4128586424
4128586424
4128586424
4128586424
4128586424
4128586424
4128586424
4128586424
417192961
733387117
5808421417
185249561
4356074215
407878001
14774653
6198933168
2090322266
6285008410
52595121
201173927
627201772
2310880646
2248111350
447678203
3981184074
800431968
6827564851
318248658
1415175014
287577235
1987762191
746076371
40239568
341347830
2809153482
1712431497
2273438944
2333421115
490584662
7265655062
4132402850
195931692
6344612525
7008091619
178504572
6931584984
5488819027
188217493
7371480
5564316642
7285228673
11783197
1222674333
2003038697
6022347145
41672202
3682140902
3083385390
219599411
7386626264
5438569588
5407044000
6256652907
5586687946
3184733341
1750910774
6287893422
3897244522
6759436852
6256652907
3184733341
6448345255
4993739915
6701264455
7452406273
7452406273
7452406273
7452406273
6140050922
6234142710
6234142710
6234142710
3952879389
6256652907
3897244522
5532943183
4964606124
2762239448
6234142710
6224743438
1554144456
6256652907
3149694785
4834999185
3149694785
199361825
4834241536
1964534668
3149694785
1964534668
1964534668
6234142710
644708959
7410725295
2037934438
4917396994
3897244522
6234142710
7052247851
6256652907
6970689110
6970689110
3149694785
6978132660
6759436852
2893497093
5755951184
6970689110
5362968634
7096685473
3149694785
7212718364
3897244522
4685019203
9262377
417192961
6684338608
264385452
471246183
627201772
5681586083
2273438944
7265655062
195931692
205641729
225195374
2244680168
1573360169
7106115586
483115669
3036905727
6635948779
5489782730
1915636124
269325972
5640972484
7415178067
4607839424
7401128660
1793747355
6853209820
4839395167
7008896792
6287893422
7344859059
26159448
4470922356
1723491634
3138999857
37594037
4683666207
4588287371
951546714
42215841
3138956801
6635948779
2170806064
2004619780
12853682
1976182575
4399302605
2086213348
2019474589
1965862114
7409628941
6759436852
7133355478
2086213348
4568520885
2086213348
37525232
6287893422
200272377
5594063700
3402836116
26159448
7008896792
7008896792
7008896792
7008896792
7008896792
7008896792
7008896792
7008896792
3688381842
2268864352
5726716754
31565384
51124324
2602698398
7157565404
1833150016
265260627
4335659611
7473786404
4633135341
26586988
5936841387
267708644
5766222293
3190757991
1777225666
327195176
4982401236
40572033
52081271
625883633
625883633
210431891
625883633
144606978
326821204
5677607788
505669585
183737378
1537592984
2126017033
5705606505
442451917
3531271662
4874250
3209635825
2314497132
49793807
37879824
7173756832
3230542331
7041802588
3305354688
1903469547
4167907651
205895037
7338060202
7173756832
1291187142
185148334
3563740131
49793807
200276781
36773952
3305354688
3305354688
3305354688
6788456199
299673932
2990109786
4518143406
5575553917
6662798569
1006604373
7173756832
3995256633
407623081
4288847474
2375077530
38746403
325455912
551415564
3681570408
4439047708
4808772165
5456436829
658953920
4220163933
50787109
5498312285
3779615835
1934206170
2022587758
224211577
188311545
3938229632
4938357400
20072238
2034537968
1486823922
247266145
3036531609
7358556309
2254651490
6080800779
277929856
195325715
3249433637
2668813845
5491622807
144956945
7301473127
318223382
1476805664
5462318509
7472835102
6060138516
208770442
5791849716
3988767024
1383898024
5053446188
6982798641
6224160914
489151571
224768991
1997356585
326220290
2034537968
5356772750
4569759442
4685601593
10256606
1527082945
3632283351
7136667671
5462318509
54071887
48469000
207080198
896959890
3461145836
6060138516
6899309017
231819417
37489025
2203318296
1997356585
5319111819
7383358433
476540960
54110454
178691046
5491884162
5465683405
325350376
5462353064
3050690579
3468468290
7135931373
5854649240
7109876598
6995985771
5703363205
48685385
482154275
459854033
5462318509
5462318509
2116601090
219086237
6010870817
1739828040
5340999098
256374949
3195958904
6050274743
3080176906
1464594256
482812355
7123479276
2902020699
4317240581
602844368
1528456998
6366455250
6909805028
4114373368
7238323810
882057770
7235994289
2119259361
7123479276
3052291232
7123479276
3410369119
6320740128
239578277
7429743356
6894104259
218709960
4473878961
2928115512
7123479276
2111500844
7380873224
4728974293
5563303863
1994934261
6517171984
6911754475
1772471485
3138223727
7429743356
7342042741
1544191434
2159060909
4004658023
365364643
602844368
602844368
7238323810
4396144564
2077698734
2077698734
55777911
1954350289
4064491293
5981996374
6776934116
6198403227
6198403227
282958794
6198403227
3688381842
1454578880
3263339821
5672944932
7325564446
4680336175
4155094246
3963622207
5730965601
5730965601
5730965601
2202315945
3138206879
7347554729
2246887733
7308465159
52175775
52175775
7080694914
514477375
5730965601
491786590
6983376409
5730965601
5717394752
4680336175
3688381842
2237108651
5730965601
7247267321
3568855118
209016978
5672944932
4268623125
3103355327
52175775
6239549730
5373966433
7460799750
463607553
463607553
463607553
463607553
4009837810
372149285
4037503152
1454578880
5730965601
5730965601
1941307721
3688381842
7341869766
1683468773
5431172233
2246887733
5581455800
3568855118
6894048731
381565524
463607553
463607553
463607553
463607553
1506045927
463607553
3210388657
3688381842
3688381842
4547471006
3688381842
3688381842
6412476800
6973305803
2263368662
6973305803
471246183
5617631193
7452097901
6973305803
2639130712
2813321681
195931692
2075702723
5969217
6237435557
1951297791
2281522572
3996264218
3184733341
5346116949
7401128660
6231000853
340076862
1578322020
1723491634
5535872415
3171406571
4750892340
42215841
6609246390
3889347323
5786862938
4964606124
6658141572
6658141572
6658141572
6658141572
6658141572
6658141572
6658141572
5768337135
7358215061
4750892340
318986343
4006973577
7100815848
3937535296
2102868309
4128586424
7471676483
5768337135
6945103765
2327908013
7109870167
3155979799
3184733341
7361130645
1670659862
5532943183
7200913788
2237108651
6976352877
1702379144
8393305
4128586424
253277848
4128586424
4128586424
4128586424
4128586424
1367801809
38019370
3216879578
4018938799
6862429362
6862429362
2316174653
6862429362
241079593
312845707
7009310764
310762335
2072755281
6886787199
7035846386
1075663532
5794209312
440724565
1234381689
7111249974
3069768655
7053524031
604556109
1460215138
2264724277
461478908
2639296088
4558536150
3006205748
1484645175
52213785
7398474562
4821051992
5744351821
5421314498
855885335
3897770739
4084036931
5641441870
7376304490
5946722007
3211687287
5641441870
37159118
7200032530
1498492582
52711620
632531204
7366313489
2707805645
4165523656
5736717164
5788151855
5736717164
433103591
4557413054
5494326296
214717130
2036758780
1111333955
3778838652
4849002964
524851859
4840814652
3216879578
6651201099
3925514030
479410699
3778838652
6988300002
4392012516
1985964699
1354677812
1563856366
5904481053
48392684
2353045711
5834941853
6852891465
2339691837
6244170783
5834941853
5834941853
856617019
5726716754
4345847732
5557666043
4178289226
293094070
3980005968
1722304072
6191413
1359494895
240536904
44855324
7456888843
4009789794
2359145740
3494985763
4556849175
145319446
277012755
7345374816
291878671
6379367
6181902101
1552955617
1307760359
3909775850
450860022
1659479265
5778328800
950924816
4318796737
1992697423
1526361242
1534254766
226876569
2953464259
1379178318
3608323221
5635854275
1798281691
1054623624
2287575183
12954533
2231338728
7148373832
7275463113
256255267
7171730498
11764803
198769614
428862117
1054623624
6684338608
6353498437
3076485906
3249471919
6817076266
254433040
22862602
6090934612
2219163470
38706473
4785225874
4785225874
5331657639
6350049564
3912779484
6309614130
4545529389
39315090
2695422731
1980914898
7104593535
4033562268
1730797654
7332864442
1199478485
5690143944
1317383808
6129907138
104848819
2104075903
7203192798
1456319286
1738215779
1213976359
2849871974
203225605
6208370003
1485707129
37622396
17815230
4785225874
2150811616
1540874598
5680114907
330912582
1767708758
18878409
2536900254
7453850631
271344476
1379178318
4302616887
7462940894
5692862805
7462940894
4057060556
6092850015
179289857
7462940894
1379178318
7002406210
4338984188
7178184062
6273306647
1473520898
6237933519
7346183552
5945471801
2310492496
7373335961
4146624686
4169681381
6431108441
208169752
5931454406
7306873741
3207480704
7306873741
7306873741
208169752
5772367394
7366335695
6724891452
1626693921
6122312506
5346091697
532404617
2902039426
207502675
4329386863
1952486095
2521378636
1575220580
1926089605
2755512310
985855723
2521343699
4559252100
2135879719
6744310061
1532030225
243176089
6232449588
1481478849
4614650394
5278134317
510343458
2233659470
5961769570
7428148300
4013710151
318986343
228257365
6218847761
3060201793
1426298714
4294523734
5844383106
1379178318
7365801090
2860423235
3271714813
4146624686
1697639584
1697639584
2187375444
3967017779
7081263303
4226269630
2104121905
690422807
334615094
38841099
7229180024
5450565417
7176534899
2093931703
7229180024
7301146197
3020259617
7176534899
686304813
7035846386
472473838
6490023099
2091415794
7071173810
2091415794
4069406549
2091415794
6135770051
3435249
6334682930
1980761165
7165959656
208018768
7442479628
4044593034
2957236215
644363720
6320243105
1549527747
208018768
5453895946
3655961123
4069406549
6320694764
5999315810
7396714077
5915657331
227711022
1991330353
5847522560
3964327037
5468025204
1507259741
1146151022
3043282767
52213785
7441111333
2164559584
7159765015
2262838669
5753397498
6057381224
5350833030
4708346601
1415739907
823558095
4069406549
46794823
50447761
686304813
354876909
4110858306
5541891775
3073192640
354876909
7429735854
1571413087
7350300299
4244425508
3435249
7318227041
3923100107
3923100107
6881855821
6881855821
423078472
3432344380
514507415
5488003741
1724796719
3748873821
3867032430
43704948
5600835125
5366386502
2164356010
1810205561
6893628457
6881855821
1985300194
40346567
2683013292
227413382
2556757665
360677849
5311705336
7028623307
6748653420
2062502954
368695465
5976620266
4225345899
5995517282
6212775634
7308385212
3103096057
5854173291
6031500590
2184937659
1730815010
7336196202
2962881902
2966513930
7472374277
7418998901
6881855821
255831976
4539752099
6209165945
528706799
1529542329
48693594
195054188
6010279157
3141572120
4719884343
4078796318
2086840039
189275520
1481964591
7470503520
45485618
5848979423
4572309396
33307840
230148914
212496532
2395169923
256565367
2867629172
6315436240
5547359981
3274449666
550103855
337868523
3977542134
4439047708
288768463
4535464541
7212951653
7226456382
1805881978
4924131657
2282728432
4991756349
7346418953
2045870227
937553050
1695549674
1612399014
4327974855
4023553351
197346003
6282494361
1048820232
1718514415
25846636
5993655634
6958093769
219599411
318051696
204873482
1909828970
6096720028
7473685343
351312529
7490558
4251511310
3404754246
1588694710
7475148397
5545929142
7473685343
1116589067
7383720701
3598625076
204873482
6805044277
4545526425
6167673907
335217749
1646771943
360727881
375911854
194004024
310887443
54506414
7437254182
5701000907
3023652646
6347373238
1771987146
490112992
7411688937
5819788938
582863777
34860656
1988125664
6735896550
5800913435
4535464541
5373263618
6931762988
7212951653
1522012577
7080238729
198769614
53863270
4115877152
712132643
2211356639
7164047196
4746526252
4327974855
2990880158
1638186615
6098310033
3905942582
1372228150
5473744303
219266055
7141609113
3868656868
1637155437
511876239
6886997732
569151385
2240161612
2237043867
5978544084
1483574036
7075009257
2257538792
234374781
3642965785
7267543033
7295917280
7383258957
7267543033
7267543033
6223381738
264033004
2208508185
3447602340
3252146269
344642004
1771836137
2894020972
619135319
5728840624
176096894
424577267
4511156617
529973816
1506095772
2143652538
4058772015
3245681499
2262813100
960925166
6210713555
4180718792
5646707935
1097697661
555931356
6701315542
4475825671
5311705336
3252132847
6953089506
3455639141
1725063284
545944378
4094622123
5884451354
1435361234
584538642
173563641
3317825206
610387344
3504698142
396482405
1420551576
1610799750
3897108938
458515361
2987783083
5390673601
4632970585
3911282726
593064885
6031952780
4518143406
326566816
3125377287
5620218194
41590463
2123647893
1510305320
6913477003
5815054785
4120505538
6767371598
21403729
4365431912
2029954894
4580071895
431677362
7296189105
5437321266
3997051029
6294799871
1675740301
316011388
6934596
2808777831
7453836988
15892403
33405836
254090821
426083021
4728275873
299977820
7180454483
2957236215
3460758901
7180454483
2957236215
5909949323
433290301
1607412602
4023822062
643980244
3997051029
19690992
4358940431
5923163141
1176563947
5820754972
2185291356
7391486314
7472293521
6690572700
1490625638
2158145779
2198487362
1952936571
3987791675
1357118957
1470204713
5781655658
7474418787
7474418787
7474418787
240531073
214008644
7383258957
7112583271
4046593611
1587848954
3920078465
1587848954
1587848954
1599408899
7285353384
1362510511
7207979883
4347441562
1325279675
37879824
3105302990
4059263306
3896671350
3058000648
3271989260
4161352948
4161352948
13839098
7343264252
4161352948
2245535779
435573392
5390893973
3635393845
1142452
5871180913
1809999
3556683721
3533546333
5577296302
5577296302
7112583271
33485897
1615463613
3067418270
1142452
391286842
4472930464
265481605
3218465809
3688381842
1354677812
1563856366
4094622123
2046077066
7474441145
4985262099
6948248958
402841635
177900306
4539783426
3879973621
1702341654
5399219155
4680183451
6322754209
331371465
2269458505
531777182
1687781855
4467200925
3673987673
3988974976
4101873327
6293876690
5432297506
6991299857
1053967671
1405708797
6687727936
6014559345
6606768158
7371359331
5393510780
6606768158
212720782
2234074368
3988974976
104972764
1346285743
6293876690
3136043660
1247683832
4801090949
5347594237
7449944080
4982401236
2284679291
7408469749
2903855220
2284679291
5393510780
5644214135
4361199158
1635166999
1511132841
4801090949
2199764891
3158448417
198478561
5639559222
4745614
1265396887
2953464259
2071851717
4067051745
7095457498
1391108413
6725048449
2293598396
5477755457
3416506521
4115335547
5814101507
4397100174
5545929142
5545929142
3680464416
1129922341
7086136826
267029410
174148503
830363353
3262934578
3998823418
1368804129
7095457498
7061344156
421397488
1653657422
950256
2210795171
3232869493
5759338222
7069108180
4205513117
3535605808
4397100174
5332735449
5421494869
5760320159
3310194550
1694650258
1681532030
6117429303
4292318093
3051386729
1934675049
3627278675
1902478447
3472201894
1630867863
199631550
3208001664
4936898367
54143490
1557158224
1538304248
1630867863
6909805028
3226537096
216021718
290220512
6230963634
1428454690
3021906429
359934344
7086136826
953287
359934344
3086550867
993356100
1538304248
5909504796
14642399
6205049875
1646159443
1726532455
1402270119
4586205765
7406821
26535845
448826954
5649827438
21721540
22500768
1181426640
6653862314
7140710520
1816510778
2969191951
2969191951
7063622801
29064209
214966816
3546232469
176910192
50316878
5882068605
375355555
27778181
7316847754
3655295333
189910416
1614318884
3314274235
4103679
663710362
348285199
1184826797
294731083
4578231077
3067563620
774499218
1722879917
4342202810
16023175
244504090
17329206
3265075370
177731779
7435646418
1634523984
5641133286
13873558
3265075370
4016924792
328468952
1572562588
221596906
4524363
2460372643
1640045738
294599779
4906161
5538763573
198797619
4724359820
225559719
6205049875
1646159443
1726532455
1402270119
4586205765
7406821
26535845
448826954
5649827438
21721540
22500768
1181426640
6653862314
7140710520
1816510778
2969191951
2969191951
7063622801
29064209
214966816
3546232469
176910192
50316878
5882068605
375355555
27778181
7316847754
3655295333
189910416
1614318884
3314274235
4103679
663710362
348285199
1184826797
294731083
4578231077
3067563620
774499218
1722879917
4342202810
16023175
244504090
17329206
3265075370
177731779
7435646418
1634523984
5641133286
13873558
3265075370
4016924792
328468952
1572562588
221596906
4524363
2460372643
1640045738
294599779
4906161
5538763573
198797619
4724359820
225559719
