308770930
4981916448
193812
18347305
2895308294
13604213
5861681984
4390107141
4653088133
507056940
5670224958
1413110755
4096122417
1668367910
3106867385
3167963062
52457903
5416527323
4497507617
5431100446
2938992996
488688375
4776520454
1298154752
4128537261
4391712726
1535436505
2150918950
3057533387
4609398828
4254764150
5389738558
2719466380
4909963801
2983158374
300060734
5768402289
4125961476
37504343
2926640999
5778504360
5784909216
1528957487
5644764514
2107081710
5668459550
495487162
470009829
7009661061
2008860028
6856703995
27458857
1027840869
6442742618
1163106089
5825737632
4755651421
6486823342
4734702308
238940642
2435887346
4135395253
6182165564
2039734025
6903874240
5406834749
228181571
6394080052
1733023464
1598518386
52102479
5391111777
6410993753
5438395671
5940092502
234264710
10893664
765285817
6088932051
44655885
5703526243
190684628
6718533428
270966835
411910951
4912200623
3897989352
6923579088
6724992807
326456146
5376344713
3123603856
6448345255
6338794812
488501777
4020621981
7162282955
4337307857
4915310127
225175474
30663377
3579899194
27452944
2059899369
4107433344
3100538726
490658892
1700163875
182970571
5599183571
1240504308
6798089762
5421201832
298018544
6709031647
5691012280
1687876982
4830981581
1538449782
32008924
3423660876
5660930320
5440479765
6697986160
5567823436
195948852
1550276849
5971764495
5109011856
247079941
5466411849
47930199
1336977116
237706379
5847882342
6878284
3028589517
5813858001
5453968340
1604619683
5659257812
4134642084
426284198
7106466132
38517297
207633246
5576484043
7093647096
6679508094
5598268824
463840112
7181398317
2915467375
2233889401
6287893422
6868666332
4631299005
2286918032
386862889
5732400764
6246758960
6695145764
4947864449
397484087
5021378
5788524655
259861874
299042650
5850857445
2191134209
3811092
28436519
5507756802
1386622122
5493626263
7718058
1888526
6180945947
3878074093
316858959
4200104889
223374863
2246847207
4409405
271859184
177779629
11195368
3007430868
6480584545
6202597872
8616611
3109576606
1671075562
3433197195
559252846
222682545
21925010
21892889
186171241
3232017678
14505692
2361987961
196395402
413597712
5388569615
854735314
336704578
31110754
262319171
243999418
52162168
4359522570
6993502537
4619130353
3055042732
1626733128
4347837
286713183
516482667
1573779671
5690951491
4684415933
849682953
1905659910
9327427
1785100235
3737258560
910595318
260572676
4539598121
273644702
298146044
7114792082
31091924
5485081551
2084619777
1303998248
40640488
1711672683
3898237901
2265156612
1645478026
2280922096
34144417
3655630256
3184298448
1785556814
223925134
360390469
3654907357
2042066640
301548163
5543073740
406738099
24737960
1964497293
2931193317
3184914
47204683
2552270511
6296428580
189864097
4547348371
1334864946
451080063
253617801
3712205261
4090878727
2231628226
526901123
498403138
50871849
2028602831
1434183334
353947073
2761114919
3680524576
6072257630
3233806573
1644486965
2182857500
5601797832
475437380
3413880502
4052013462
21599130
4356253006
1247491661
277187055
3024878075
2952597434
3963609201
3647640392
3181675600
1242557286
346398820
41380425
5414372195
21080636
264941781
32527093
4023641921
407319203
3105223814
1772556390
4026647960
4935199381
275997615
1432697014
1578517147
4817636603
243269834
1739166683
256718348
1596862370
220228428
2204466915
994609508
3280682718
188100628
254763817
286920879
9689848
3120175015
25506164
576695705
182471543
4024849315
222238499
3046713508
6988123392
5512192048
3233117163
6672897731
1385205565
201025003
267075652
662059952
3265549322
5971103084
4151855023
187416156
2914980288
247826900
1425426444
1921223704
267133987
1496786209
144921175
35983931
3418252
866685622
3876948035
196754865
1618700474
3015590757
3249520985
608802247
409430478
1768045814
222569885
1633633992
267899915
396811797
1468152105
258688906
216153825
2639130712
51491241
53688111
195243644
4127333652
1577644888
3000749737
505682644
39401972
564190451
1614303695
40837293
2215954504
1978510117
733759190
4781125844
252325166
356362005
1373855562
206188756
50859733
41695177
4102114859
4283229
2068805325
1210828670
3086307290
4046380268
1527275959
243483085
4317613130
318181677
373973848
4113932008
862089823
6001961926
4375588431
1965278832
544173307
576533077
1425086136
46724960
528156192
1549739607
5855552283
1563852292
2206138417
1649657845
3972069759
3940223948
2009614087
2226039106
1530478893
199259270
4625268533
1534109596
2060040802
10450592
2053391755
1765447845
1532480129
543759922
3633070522
507729094
1534340385
4921024920
2061800519
3401331370
3526241099
1697707332
1572855500
367825300
4185268931
2339886863
1516660634
2200473484
7129198139
1400585713
791073218
2228396230
1776922990
4933986631
1454171244
4645785906
471016892
1541760519
1444678665
337059829
1130313325
1771244287
1606304518
239453263
7328757834
1993900091
2917068638
3618969683
1437939825
4651145973
