17078141
344154566
4460755830
3640287065
5374588708
2249876673
4142840559
1555378021
1156955110
5875769494
208753064
4348780596
290519844
3674608668
3945860265
2457434218
4628298932
1997336993
5087963490
4821326346
1405862514
27579538
5657827509
2282832721
403109419
3011027702
2993882954
2258902739
4783333816
5557018168
2946376568
4872256768
5959975235
1918641508
2273355118
3986612468
104854964
6031892312
4981904843
143733199
5543327955
1551306758
4292067457
4853641934
6756314755
2068946685
1972444627
4848622416
4010186290
3039532262
2047962083
43988259
323452838
5943355474
9187375
5577789964
4110150828
4045516307
4095648967
3184022255
4110082694
6115148320
2138113404
317529432
26328176
175857990
1058738812
1032864544
3978251319
2343737651
43960320
4942925312
1430228044
5551772242
4439952468
236767046
8123636
4535840058
37471378
5564954805
2909791101
2215411787
4551109091
5486880740
4518811229
3089937605
925651751
3267715670
144861408
27227326
6662209267
468122666
3176392172
4158337496
6041211665
5511903281
2574955632
4113180027
1537873466
5628357490
5604120608
1551993999
28171863
4588287371
4041026433
2182810163
6225205825
50373779
3767247649
1205632078
7053300618
1439489007
5708592365
5571975115
232757222
23892973
246870266
5663035761
3964840178
4846436220
5370675903
1410649624
4779365699
7234036639
2401769586
5479862151
6934184075
3098256119
2303856505
3636650461
4148054097
1073450272
5549028114
5966631325
1934320421
5531644638
4197333709
3423514049
1521865994
455460148
6741710430
175021182
220945988
14494605
455632415
4244536391
2321869358
6332248715
3165362385
41957740
5717222076
6410981696
5797674453
6921996778
195931692
3029755635
3318665591
6181729237
6678900221
2246462825
2137879984
5591246639
6742344716
5466072594
2113062
2421934264
7082603102
2921077437
2691844935
5402649014
5975377824
6409785464
5490164229
7406539570
3955358882
309532473
1485715807
6735818980
235998264
2860198674
361551900
1718100300
5586326607
5708113536
5467618341
1482453680
5639301098
2274769243
2236992296
5560560622
5531122853
1593075752
2220582923
3623641445
3128930229
6363846039
197671915
4964606124
5474300992
6519755951
2189932975
5505333057
4756416764
7180775
6438011803
4528318329
5470749195
352561533
4813106389
4847567845
6040379323
6899245064
7135270053
5791583843
2933616579
220167404
1526207387
6104345804
144537068
6319082242
201448523
6096021794
3259051573
3436424755
36266968
5640938706
1534272160
1540469959
320440084
3457639155
4732328555
4720009029
35323855
6104529034
7069309584
5963445453
5796859955
4483174410
5754925236
46694131
1784012
3528744922
1218405648
209795513
4005027173
5564360680
6688833084
6224527500
4239017413
30473897
1968109362
5593816300
2244739624
437554398
2201985447
7422202916
38593601
2259171171
5808421417
6273937561
1363845878
30970187
283981121
1712822586
39964211
4760458812
6250721684
6876734392
1564878948
5581018718
4123970229
259846600
5599877458
38235912
7211489978
5621764567
1782779776
5512844761
6787943289
5487444723
3284392809
1363079419
5579846745
5855525658
6834646648
7074847283
5885713320
7343264252
1790948865
5514186725
6473829935
368537467
7189518124
3237879568
2312377278
1334524865
4771032523
506837696
6070095238
1127470068
2159018599
7173889829
751074871
40826521
4933455839
12526104
5126219687
340931618
5752754510
293770798
6968888156
2305585703
5859671836
288364224
4732004981
4177686816
6323668714
4529801886
7229638330
2532644419
254009138
863248910
3863016641
6977535715
6302429633
196474640
14493397
2050945574
4312238541
243922496
6798734793
1681642435
1763685
2048668529
2091807436
1988830656
197661356
1990465769
4181657345
212184614
5659286742
4721296203
5965973550
1816117
4524509827
17511732
2099044634
7306447207
41315397
6205539093
3263595732
4323413264
877047211
309852191
235813075
3116536943
2048400437
6702746924
7205364478
373082099
2932886973
265415764
2935463409
40841940
1735273944
5320921075
6917015831
251809672
610439214
4127999995
54714056
1564449334
3936422959
2214727598
4040313
6963701184
1768189644
2091698
6263868306
2138692557
4269701410
1377804815
2293739299
6946258553
4491986761
1407399796
387481122
5324578310
7111824349
3568474166
5816687638
226533865
4558248334
196400575
5883885495
2921607956
6624812704
2228300343
9573426
276302479
368695986
5551248515
3568431090
4049086652
1477310911
6114459861
2315368232
4354510579
3663093462
4517951434
5671169103
4538253261
36981372
3319253411
1685971674
4297237326
1482488264
416357508
427581663
4139121420
2317419438
6066010165
5400269238
4619701146
3469711117
4631262663
4366269802
1945683426
3594925061
1735960037
1411899538
4042847838
4229563774
4175802858
5938734845
1523314153
224337275
1994848057
4077135901
5630663598
4078211331
1465698934
5871661911
282389320
4128092935
4173412194
1472833346
2245904639
3461693305
320758139
1707756457
3003736432
188671576
2240985004
4588663175
4048540404
6044485749
1522435180
396680137
280780301
3093954568
323243181
3558254988
1738041753
6092840450
4237935106
3159705164
235527234
1508502496
436138545
5550938725
5389814191
330324951
6214161538
4809858482
2139692575
4068555201
4466898007
5654217761
265586971
4297359242
6009889401
213070528
6844854086
1907414169
4686798856
1989754038
2299212468
4269897189
4729779641
228754316
443458404
4537939699
1933044639
1515931383
1920136819
4304921611
4060300416
7103892252
3269701542
3934428114
3957217748
1029926939
1961107265
5502282021
6770815257
5744506959
574050353
4300312732
3168906549
2067131241
4306131377
4841429015
184466545
3238127010
3314009822
3658750445
3601186558
2075315352
3183799770
4008119614
477754101
1426761751
7092839787
5862008460
396034229
4266912431
3044868663
4155681285
2460509918
460187862
4249004253
2009032666
2421812613
1354704974
3066362164
4482220440
3288400326
5895627
315475073
1003163729
4158893603
5713115670
3323840544
26019781
3539524041
2062452097
1067496281
3419023060
5805740499
3271908065
4644214418
2368606275
4836680344
184707606
2714167533
3949489365
286936033
953022040
4839773534
26449828
1561664027
1305014502
2996300020
11637635
5872510260
3006853372
2175547941
29138891
4814687189
330233010
2164397900
5364078526
4540775531
2337364615
3536973193
1098419170
1048377528
4081397330
496142552
3316082295
1093977194
3660305
485257203
1997306670
466986704
432621880
6524145832
3885597370
3518244455
3961814905
4725993816
4554994680
4657525792
5056073743
3314458847
5689530039
5713473638
593566068
267122793
4433004519
1520852342
1484791696
3617670
2894704334
7042855160
18429084
257789238
4120067831
715327564
4083297892
6266751196
4323467236
5598193690
6249543550
1341187244
1788589826
7279866970
4289348089
4157407262
6007548728
1620462303
370233402
3170842940
4545070883
2260746533
3181224173
2233517519
6257658271
4491824541
3223152954
370380192
1462176975
465699236
1328443091
4266767119
7064023066
4258839261
455016215
7206461105
36307611
6175092037
4174934185
5433811429
6862870879
431340537
1630034389
510373501
1159010021
5963779831
3987791675
4031218
6554671632
2113350639
5467779081
4474950052
3187946787
4298710989
1411398857
5390800080
3497055781
2981213499
4726274444
6286527888
4264903358
2987049068
2261369145
4878320266
3215033635
4352811157
6027822971
4111644126
4488241629
2368341017
951214363
2163871786
202299452
2961670837
3297636919
411073631
2398583953
3281447005
3766000019
3497054257
6903967341
1837437079
2459592373
2934975223
4520706125
4073401025
3015113110
607224951
4622430092
2000525566
6591002208
52873332
3540015964
3134248485
2160582391
2029148480
703934249
5751599605
1667480468
5438569588
4266293829
477555356
3602538441
1446913191
195554157
557634889
362283793
4140244404
210789305
4007337135
1426401117
493965713
1558683980
5502974135
2264155834
44231744
36051064
2067753944
590145917
4293517356
5182385858
7215037168
1937443149
4669345276
4016423229
4041671811
5330888680
552038014
5870569577
7326272572
3658662646
5385017264
2249716609
4344768625
4925730318
1180540171
6912900005
738199076
557504021
4176807909
7152887403
4565096697
3408324463
1944570071
1540835095
1537529932
6747900704
3293559661
5247785
214135557
245106187
3177170958
5731610836
3647140017
4146236436
3453781615
2028094170
4164426512
4403176974
723460488
3148059816
6049584260
6117210807
1025083913
7049633
4332351659
3927974486
4050158729
477551269
2141106088
1498898998
1915519923
3180252645
6292999353
2524732590
1473701911
2085803101
2265973937
4068098441
2318858958
4024011920
5663429868
2074762722
1525981646
4535618641
4172807794
1725355723
4270352647
3570921425
3924586638
5377507769
3833971471
3931658458
6696193977
2365913615
1526931949
5684833863
369564940
3043995794
4429836381
2332811913
5855570975
1770180800
4765875130
3322652304
1952241198
738352811
857608640
4021579064
428904142
4204385454
3709965
1535337228
1719681419
5671969990
1623587394
1788867175
367622872
4521057379
1510758693
2271064434
374124746
6805985013
1482367100
997105573
6074699628
2065499065
1510753590
5684300952
1581562070
16236601
2087657369
1958443493
6640364264
5801399661
547387143
1734513298
5747252579
1553057023
1122084603
1810061343
3294413292
4246242977
7186697110
5500952270
1551131090
3302635025
2680796681
3612483865
394846493
1793434384
4086136301
2231551326
1370486941
2350340571
189991069
1767623680
592063277
4577323176
5930477306
7020113930
632594415
2322013856
2021200213
3284899407
6239842401
3621192021
1266991770
1660252748
1436081468
4455474527
1479036709
2280316559
4133116322
3961598659
1933716426
381583191
6270265154
1538258492
645494807
1579595086
183787846
2264029787
5569418835
4101956450
40343217
364495119
2893121872
1639637425
1928949022
3601830290
1925895947
40237293
2695136732
4968261668
315557461
994251494
6237177829
6235237941
1215712853
2268964719
3106347111
5960170555
7003514054
1340761083
5990006693
1009002673
2343740760
497493374
544332185
6900756230
5623038726
2212162718
2175832781
460618384
3159493546
2124756009
765966605
44856857
5824345673
2214987110
1501365333
5807081929
1612196593
5902667225
1784723796
243286140
6671345848
3599108629
17558051
3141466973
1700572523
204632868
4174273259
5640850427
1952328793
337961682
246907760
1499522633
3119771569
3564852308
4002882553
1115664213
5339417993
2993598520
28144565
424536207
2928805423
1561706124
4838201635
1807412593
2553727490
5891653448
1531648982
2227106769
1731346751
1485922249
1687715202
2691926136
3032707307
35523033
2463129585
5699873595
4558723355
1621079956
1632035150
371292950
6156065295
1681200167
4023224848
6780385406
3046788878
3965574992
2974014779
3933628213
3139608479
3453549297
2017826248
6947742313
7195429357
2285039881
1273481093
6872427280
1557749982
6755385959
4271132522
2300617845
2713478054
3631586127
243416149
6008293320
4059446003
5908628659
249656
1771450941
1330275469
1472427622
6585936545
52862611
7296689618
3032405863
1797298874
312779860
4688294338
5370499242
5840762800
5716900393
5735727307
500745960
5695980274
2287271495
5918191105
3131361933
1629784614
1926553255
6271186568
54199823
7197789245
4060617503
3321290474
1742545850
5695533388
39309649
3623786366
3073085987
17637689
7272359958
2076148870
1621431753
7163865824
271833666
7400057886
1448923750
1753209518
5751161589
4470169699
341053392
6762012046
5492991617
1477438948
3670311282
4565167069
3220738238
2263914043
5052543070
1584725257
4265139368
276839414
3174994004
512795193
7092034179
5723581590
2165670798
2193787273
935990644
5564287927
3180375093
5646078984
6726108889
4916853438
7503996908
2292331332
2926843410
1803860922
3111445529
7443547494
4086992813
260425697
6254447336
5856102520
1409313977
1345144715
7309683576
3028545923
1419213655
2126714729
5352760974
1475769649
6050603078
1629091452
1055160039
1393767437
1795598757
4035196353
2931340104
1733011422
