3086364
46769342
14942244
240006447
20679192
22175510
1448632200
1707373
286856754
186057311
51594173
182139279
246548172
7698009
197569658
309525337
337692380
475409762
234360662
4212686
42967609
37087505
321326192
39683446
1296562
329754746
175097111
1482547774
1281613582
1467226480
484668901
15059825
300684909
49828299
1822626317
1441480130
365172971
483300673
1493843208
271434966
29641673
8090258
222456022
475266722
207143594
1636990484
1056815273
1556970
487527216
267524036
184829107
814656485
328292168
1954255345
177426467
201134636
28741595
1419430792
789357249
2180665466
238353958
28910316
178907392
386860267
2275000427
996705325
295629916
1558649644
51970173
2563265
443619449
310772373
1795488694
1635665622
1394606
32666568
326759301
19360431
295854352
26681991
550620359
1235127146
2122432330
1139841106
1504413657
185301484
13635274
210738412
189460950
301601849
1941511941
1547067235
25402530
278557961
42974069
1295277194
229830607
26497471
1988046582
54133313
1269888742
1971928932
319691162
11128084
27633115
1981523520
513493456
56113118
1438141205
1595268703
175007362
383179476
7232077
375834984
965164337
663019358
297662301
845189277
1565091851
1450844810
2212466377
43004201
1707100878
223994688
4949703
246575967
193413017
199618783
4371034
2040900403
231844384
1021771452
229398273
1687717364
24226120
508995852
177799937
310038930
10305596
1415483899
26932106
1373599630
1688812643
236528145
143888308
185126314
285793387
9495214
187064914
1504581137
190885255
297076543
257245945
450623574
216686519
490106729
46734805
214044146
2196249309
1549792678
682903310
2182368904
232340235
40075371
3229631
406138431
36049431
1657259119
2250628065
143727814
1579253697
5089151
208862937
177410985
13122844
267315574
353157297
806091643
1507548246
1529519636
3072043924
2993663095
1831517981
3114707521
34407213
2887693447
302896765
673468090
2527058792
3168061662
2986253956
1942538887
357324442
1178923018
301180910
488538824
1419721775
1420608688
18473365
945894942
2251291501
416698835
8194838
2000336461
2079218958
1560290099
177872780
322356273
1792429159
259864820
199842192
242029309
220817652
1124329200
55250488
2227841925
5128229
1159297074
1529614006
191865743
567770079
1005454179
182773095
229248277
1470200945
3669354696
3278200036
3558435926
239734494
485769388
584816612
226328446
2301131022
566164201
719095435
1527022804
298170861
1045361744
24626657
1638901191
3198313947
2039918555
3538470920
3653010031
2236312040
2091444
182570239
216774682
1466258175
2013939689
31026690
3942084480
1742424189
352599546
2167791288
7230834
214249368
3668796213
554026200
550095846
371124262
1402426552
10201798
20905950
628470987
3031041756
318840798
469237379
242414678
1814076215
2269929704
4011237
2098942925
1471676940
29018684
198842942
357273687
1225312231
12709698
5411009
4096987084
260420208
3996942231
1986062221
227851513
180740219
220375678
3314519749
355384010
2901357931
4473090
2139491168
191713395
290747405
466362640
695024776
16713522
4562873662
20719556
188506298
175725296
264048488
1266952728
2223955761
54474595
14919068
504196631
5502280
340122651
191207562
444451055
196311957
193148452
348451361
3037044667
4952110282
23649123
4497279097
817898567
3921399007
43525391
5904311393
2870863890
1254723550
5930124081
17959630
40087732
423377649
30449205
53807978
1726715760
297343039
5748289081
546298508
4132386754
7872682
363105039
1829225038
488207383
176587752
1734903665
316228915
435879052
6662571792
5615830292
28549586
49771703
3268419746
50711937
5592134423
4210268494
287967943
2220331
36237024
1584503339
506467888
28827125
29328383
1696762342
244241089
51915195
531418737
54718688
186588986
201934497
43114731
474727336
8537021
428407306
222077636
286271052
2020154500
571090445
1360836127
476612765
1763406324
265967199
537356397
20551782
310208012
14653131
25639793
1721076363
226931455
143939731
1703610955
1483734235
2032596076
193554265
193501533
1901926025
191272902
1458089429
1057177775
1440698721
40833939
1486975194
1448378881
50480728
2117925918
46563588
242503462
6144838
48890158
473273626
303987735
239663868
1531979867
362970564
2030005125
26499947
1359574386
404009204
43287627
190906698
13783501
230886193
1231591727
2510928
50374498
209002158
42295887
46538145
633356756
285921071
34110952
54881538
278598928
186911504
1275093299
196772734
259220806
10283016
41515052
207743549
189479469
43946402
214587022
55160787
12912072
236633515
262552439
497181696
1267305052
409247260
1006459481
667116490
644782250
185230397
145488774
1531556619
11657506
19395420
528477953
31138587
2019515603
338270807
2014652654
7925913
335587705
1331145627
213148250
145059051
204517840
50817591
5132424
30263400
174654750
222123264
198797367
8827895
29721296
42676378
227734577
1623425548
41672132
214487930
181507187
257148084
20119080
16635845
1467789569
182787744
209416248
55764
2157435570
1425333638
193467417
50225655
289967608
27441814
1455174121
43663884
227286546
35998208
487515559
256183548
200187959
194901951
212495463
14165761
228721755
33238731
207706580
812655929
3376850
182197019
337523880
15921416
234441153
429906529
182093339
189537475
9218705
29888709
184960462
6283014
312891919
187980137
335310675
195606423
220383997
212228484
200636194
14355710
238926141
52430460
2500968
26586988
300685616
2040023818
2143876474
40814125
13191919
215793375
22033653
198953728
51205580
52832883
1238292729
